posx,posy,ang
999,284,-145.27
999,284,-145.39
999,284,-146.13
999,284,-146.93
999,284,-147.42
999,284,-147.53
999,284,-147.37
999,284,-147.13
999,284,-147.35
999,284,-147.75
999,284,-148.09
999,284,-147.41
999,284,-147.26
999,284,-147.49
999,284,-147.83
999,284,-147.68
999,284,-146.89
999,284,-146.90
999,284,-147.36
999,284,-147.90
999,284,-147.83
999,284,-147.45
999,284,-147.04
999,284,-146.78
999,284,-146.72
999,284,-147.22
999,284,-147.42
999,284,-147.78
999,284,-147.66
999,284,-147.32
999,284,-146.57
999,284,-146.31
999,284,-146.45
999,284,-146.76
999,284,-147.04
999,284,-147.19
999,284,-147.19
999,284,-147.53
999,284,-147.51
999,284,-147.70
999,284,-147.52
999,284,-147.20
999,284,-147.34
999,284,-147.70
1000,284,-148.04
1000,284,-148.22
1000,284,-148.23
1000,285,-148.14
1000,285,-148.03
1001,285,-147.95
1001,285,-148.35
1001,285,-148.85
1001,286,-148.79
1002,286,-148.42
1002,287,-148.03
1004,288,-148.63
1006,290,-149.97
1006,290,-151.18
1008,293,-152.23
1011,296,-151.07
1011,296,-149.11
1013,300,-148.76
1017,304,-147.40
1021,308,-148.12
1021,308,-149.74
1024,312,-150.79
1028,317,-151.07
1028,317,-150.79
1032,322,-147.37
1036,327,-145.64
1036,327,-145.62
1041,332,-144.51
1045,337,-142.40
1045,337,-140.59
1050,342,-139.28
1056,347,-136.74
1062,352,-130.77
1062,352,-125.30
1069,356,-119.48
1075,358,-112.97
1079,359,-105.85
1083,359,-98.01
1083,359,-93.02
1086,360,-87.60
1088,360,-80.85
1091,360,-72.81
1091,359,-65.70
1093,360,-62.10
1094,360,-60.39
1099,359,-59.64
1099,359,-59.78
1103,358,-59.95
1107,358,-60.07
1107,358,-60.11
1111,356,-55.91
1115,355,-54.76
1119,354,-55.86
1119,354,-57.81
1123,353,-59.45
1128,352,-60.21
1128,352,-60.15
1133,351,-60.05
1137,350,-61.64
1140,349,-65.65
1144,348,-70.63
1144,348,-74.10
1147,347,-77.75
1150,347,-85.00
1153,346,-96.74
1153,346,-106.19
1156,347,-114.54
1156,347,-118.75
1159,347,-122.57
1162,349,-127.06
1165,351,-132.99
1165,351,-137.28
1167,353,-140.92
1170,355,-145.16
1170,355,-147.98
1172,357,-149.21
1173,359,-151.93
1173,361,-157.30
1173,361,-161.98
1174,363,-165.96
1174,364,-169.13
1174,364,-170.50
1174,365,-171.09
1174,367,-171.81
1174,367,-172.31
1174,367,-173.31
1174,367,-174.18
1174,367,-174.61
1175,370,-174.61
1175,370,-174.35
1175,373,-174.47
1176,377,-174.77
1176,377,-175.03
1176,381,-174.76
1177,386,-174.70
1178,391,-175.21
1178,397,-175.84
1178,397,-176.27
1178,403,-176.41
1179,409,-176.74
1179,415,-177.87
1179,421,-179.01
1179,421,-179.66
1179,427,179.77
1177,432,177.00
1177,432,173.72
1174,438,169.42
1171,442,164.65
1170,443,161.19
1170,443,159.93
1167,443,159.64
1165,444,155.87
1164,446,149.13
1164,446,143.48
1161,447,138.32
1158,447,133.51
1156,447,131.33
1155,447,130.35
1155,447,130.46
1153,447,125.32
1152,447,118.43
1147,449,112.15
1143,450,114.70
1143,450,121.32
1137,451,120.87
1131,453,115.22
1131,453,108.92
1125,454,104.03
1118,455,102.43
1111,457,107.16
1104,458,113.20
1104,458,117.46
1097,458,113.07
1089,458,104.63
1089,458,97.36
1082,459,94.66
1074,460,95.73
1074,460,98.56
1066,460,102.06
1059,460,104.91
1059,460,106.19
1050,461,106.02
1042,461,105.91
1035,462,106.30
1026,463,107.24
1026,463,108.10
1017,463,108.98
1009,465,109.92
1001,468,110.50
992,469,110.21
992,469,109.54
983,471,110.59
974,473,111.38
974,473,111.68
966,475,110.31
957,476,108.97
948,478,107.78
939,480,107.18
939,480,107.17
930,481,107.93
922,482,109.24
922,482,110.32
913,483,110.81
905,485,116.19
896,487,116.32
888,488,111.25
888,488,105.26
879,487,97.91
871,487,89.07
868,488,83.48
866,487,72.50
866,487,62.98
863,485,55.77
861,484,48.33
861,484,43.86
860,483,42.15
859,482,39.01
858,480,32.99
858,480,27.82
857,478,23.22
856,476,18.36
856,474,13.29
856,472,6.87
856,472,2.36
855,470,-0.00
855,470,-0.12
854,465,0.70
853,461,1.72
852,454,4.52
852,454,7.19
851,448,6.57
851,442,4.72
849,435,2.09
848,428,0.10
847,421,-0.68
847,421,-0.43
846,413,-0.11
845,405,0.96
845,405,2.02
844,397,1.79
843,389,1.33
842,380,1.34
841,371,3.71
841,371,6.47
840,362,9.55
837,352,9.86
837,352,8.43
834,342,8.25
832,336,10.55
828,332,16.67
828,332,22.46
823,328,28.98
819,324,36.55
814,321,45.74
809,319,56.63
809,319,63.96
804,318,70.33
798,317,78.08
798,317,83.40
793,317,89.25
788,318,97.15
783,319,106.70
783,319,113.22
778,321,120.27
774,322,128.02
770,324,128.34
768,325,125.46
768,325,121.92
763,328,129.09
757,332,140.32
757,332,149.24
750,338,142.63
746,340,140.19
741,346,143.29
736,351,147.90
736,351,151.46
730,356,155.85
725,362,155.96
725,362,153.53
721,367,150.23
716,374,151.13
716,374,154.11
711,380,152.87
706,387,153.88
701,394,148.66
701,394,142.01
696,402,139.38
692,411,144.38
687,420,147.13
687,420,147.42
687,420,146.16
681,433,-143.69
681,433,-141.54
681,433,-140.48
692,464,-127.97
693,468,-111.50
693,468,-99.62
695,474,-94.95
695,474,-96.43
695,474,-100.88
705,482,-116.47
711,487,-131.62
716,492,-139.34
721,497,-139.10
721,497,-134.32
727,503,-128.06
733,507,-123.56
739,512,-121.96
746,519,-121.04
752,524,-106.28
759,529,-103.43
759,529,-108.69
767,534,-116.06
774,538,-122.00
774,538,-124.62
781,542,-124.63
789,547,-123.96
789,547,-123.17
797,552,-122.63
805,557,-122.48
813,561,-123.02
813,561,-123.75
820,566,-123.44
828,572,-123.08
836,576,-122.83
836,576,-122.76
843,581,-122.40
850,586,-122.02
850,586,-121.79
858,591,-120.91
865,597,-119.18
874,601,-116.84
881,605,-114.71
881,605,-113.59
890,609,-113.53
898,612,-115.36
906,616,-116.69
915,620,-118.02
915,620,-118.78
924,624,-122.24
932,630,-126.24
932,630,-128.89
937,634,-129.64
940,634,-131.90
939,635,-136.60
940,635,-145.35
940,638,-155.73
941,639,-165.23
941,642,-171.08
941,643,-147.29
942,646,-143.77
942,646,-153.51
941,649,-166.50
941,651,176.35
941,651,180.27
941,653,179.10
940,656,173.77
940,658,166.17
939,660,159.17
939,660,155.44
939,662,150.99
937,664,144.23
937,664,138.94
935,666,132.55
933,667,124.00
933,667,117.77
931,669,110.48
928,670,101.86
928,670,96.06
926,670,89.74
924,670,81.99
922,670,71.63
920,670,60.32
920,670,53.19
917,669,51.46
917,669,52.77
915,668,48.62
913,667,41.76
911,665,35.36
911,665,31.90
908,664,25.33
906,662,20.12
904,660,14.94
902,657,9.86
902,657,6.96
901,654,4.87
900,651,2.46
900,651,0.86
899,648,-0.43
899,645,1.00
899,642,0.91
900,640,-0.77
900,640,-2.68
901,638,-5.18
902,636,-8.65
904,634,-12.90
905,633,-15.42
905,632,-20.05
907,631,-27.32
909,629,-36.02
909,629,-41.91
912,628,-48.72
917,626,-55.31
917,626,-59.01
922,624,-61.17
927,623,-60.68
934,621,-62.62
941,620,-65.58
949,619,-67.90
958,618,-68.03
968,616,-63.92
978,614,-54.87
978,614,-46.74
987,611,-37.51
995,605,-25.66
995,605,-17.23
1000,601,-11.81
1004,596,-7.48
1007,590,-3.09
1009,584,0.76
1009,584,2.68
1010,578,-2.68
1011,572,-1.14
1010,565,2.74
1010,565,6.36
1008,559,10.83
1006,553,16.42
1004,548,21.59
1004,548,24.36
1000,542,29.58
995,535,35.72
995,535,39.83
989,529,43.13
981,523,46.25
974,518,49.22
974,518,50.85
966,513,51.87
957,507,52.93
948,502,54.41
940,497,55.52
930,491,56.37
930,491,56.71
920,487,56.61
910,482,55.88
910,482,55.09
899,477,55.01
888,471,55.38
888,471,55.85
877,465,56.19
867,460,56.73
855,454,57.15
855,454,57.34
845,449,56.89
835,443,57.09
823,438,58.42
823,438,59.86
813,432,60.34
801,427,60.06
801,427,59.45
790,423,58.91
777,419,59.05
766,414,59.53
766,414,60.00
754,408,61.12
754,408,62.13
741,403,62.67
729,399,62.70
717,394,63.68
717,394,64.80
705,389,65.12
693,385,65.25
682,381,66.06
682,381,66.92
669,378,67.88
657,375,68.48
657,375,68.63
645,372,69.29
631,367,69.97
631,367,70.38
618,364,70.46
604,360,73.66
604,360,77.33
589,356,77.24
581,353,72.49
576,352,64.51
576,352,57.98
572,348,50.42
568,344,36.24
568,344,24.12
566,342,21.61
566,340,21.99
566,339,25.14
566,339,26.08
565,338,21.16
564,337,15.31
564,337,11.35
564,337,11.41
565,337,15.03
565,337,15.46
565,337,13.84
565,338,14.64
565,337,13.58
565,337,12.31
565,337,11.44
565,337,11.16
565,337,12.61
565,337,17.38
565,337,22.08
565,337,24.79
565,338,22.69
566,340,15.33
567,342,8.82
567,342,5.52
567,345,2.13
566,344,0.94
566,342,0.27
566,342,0.19
566,339,0.06
566,336,0.04
567,333,-0.34
567,333,-0.83
568,331,-2.03
569,327,-8.14
571,325,-13.73
571,325,-16.68
573,324,-19.78
575,321,-25.44
575,321,-30.22
577,320,-37.09
580,319,-56.93
584,319,-80.63
589,318,-100.85
589,318,-110.59
596,319,-113.09
604,323,-112.42
612,326,-111.43
621,330,-110.68
621,330,-110.37
630,335,-97.50
639,340,-97.32
649,345,-102.93
660,349,-96.62
660,349,-85.99
669,355,-77.72
674,357,-88.91
674,357,-106.74
677,359,-120.57
680,361,-110.83
680,361,-91.44
683,363,-87.91
685,363,-80.46
686,364,-89.72
686,364,-104.84
686,364,-117.05
686,364,-107.00
686,364,-88.20
686,364,-72.16
685,364,-65.68
686,364,-66.64
686,364,-71.53
685,364,-75.41
685,364,-76.66
685,364,-92.16
685,364,-93.59
685,364,-86.24
684,364,-76.84
683,364,-67.26
683,364,-61.57
682,365,-73.49
686,366,-73.53
689,366,-62.89
694,368,-46.29
694,368,-33.17
694,368,-27.55
694,368,-28.64
715,364,-31.52
715,364,-34.23
715,364,-35.71
731,353,-25.41
735,347,-10.47
735,347,0.93
736,342,7.18
738,335,-7.82
740,327,-1.16
740,327,6.96
740,319,14.21
740,319,17.93
737,311,18.03
734,304,19.75
730,298,25.87
724,292,37.84
724,292,48.22
717,288,60.02
710,285,73.99
710,285,83.37
703,283,93.28
695,283,105.61
687,284,120.06
687,284,129.70
680,286,137.94
672,291,147.36
666,296,160.63
666,296,170.60
661,303,173.65
658,310,-162.19
656,317,-146.25
656,317,-134.36
655,326,-126.03
656,334,-119.50
658,340,-115.07
658,340,-113.72
661,346,-129.34
661,346,-148.33
663,349,-148.37
664,353,-140.31
665,354,-129.21
666,355,-125.17
667,357,-140.30
668,359,160.68
668,359,175.60
669,363,178.19
669,367,169.58
667,371,154.72
665,374,137.41
665,374,125.91
663,377,118.42
660,379,110.12
660,379,104.82
657,380,97.22
654,381,85.59
651,381,76.49
651,381,72.66
648,381,68.06
648,381,64.94
644,380,58.55
639,379,47.50
635,377,33.33
632,374,19.10
632,374,10.77
630,370,6.02
629,365,2.83
628,359,0.62
628,359,-0.08
628,359,0.38
636,317,0.49
640,308,0.35
641,297,0.12
641,297,-0.06
642,286,-0.14
644,274,-0.13
644,274,-0.07
647,263,-0.00
649,251,0.03
649,251,0.04
652,239,0.03
652,239,0.01
652,239,-0.01
663,191,-0.01
663,191,-0.01
667,178,-0.01
670,165,-0.00
672,152,0.00
672,152,0.00
672,152,0.00
675,125,0.00
675,125,-0.00
677,112,-0.00
679,99,-0.00
679,99,-0.00
681,85,0.00
684,72,0.00
684,72,0.00
686,60,0.00
686,60,0.00
686,60,-0.00
793,79,3.34
793,79,7.24
797,91,11.49
797,91,14.18
797,91,14.84
806,117,14.03
811,129,13.13
816,142,11.72
816,142,10.59
821,153,8.44
825,165,9.09
829,176,11.10
829,176,13.07
834,188,11.68
839,201,11.42
842,213,11.51
842,213,11.77
847,225,13.27
852,239,12.36
852,239,10.42
857,250,8.70
862,261,7.83
862,261,7.81
866,271,9.13
870,280,10.26
876,292,11.65
880,302,11.35
880,302,10.19
884,312,8.60
889,324,10.35
889,324,13.31
893,335,13.23
898,347,11.84
903,359,14.02
908,371,14.44
908,371,13.67
914,382,12.94
918,388,13.38
918,388,14.31
920,392,13.89
922,396,12.85
924,400,12.31
924,400,12.29
926,404,15.49
929,410,18.41
931,413,20.77
931,413,21.82
931,413,18.33
931,414,12.82
931,414,8.43
931,414,6.53
931,413,10.22
931,413,12.69
931,413,16.35
931,413,19.17
930,412,20.74
929,409,20.51
929,409,19.33
927,405,16.41
925,400,14.96
921,393,13.30
921,393,12.20
918,386,12.32
913,379,15.18
908,371,20.95
908,371,26.00
902,364,33.54
895,359,44.39
886,355,59.73
877,352,77.56
877,352,89.37
868,352,98.60
859,354,107.90
853,354,117.95
849,356,127.17
849,356,132.04
845,359,136.54
842,361,128.48
842,361,116.48
840,362,107.63
839,363,105.55
838,364,108.71
838,364,113.60
839,364,129.14
839,363,132.70
839,363,127.79
839,363,119.17
840,363,112.83
842,361,109.21
845,359,122.89
849,356,127.14
853,352,138.75
859,348,134.33
859,348,122.42
864,343,110.72
870,339,118.23
876,334,119.17
876,334,115.88
882,328,110.67
889,322,124.08
889,322,142.71
896,316,140.31
903,309,143.38
911,304,147.93
911,304,151.45
914,302,152.89
914,302,152.94
914,301,154.67
914,301,156.65
915,301,160.45
916,300,164.99
917,298,164.71
917,298,161.74
919,296,162.21
919,297,161.56
918,297,163.46
918,297,166.46
918,297,168.85
918,297,166.54
918,298,164.14
918,298,162.68
916,299,158.62
914,302,157.67
910,305,160.18
906,309,158.64
906,309,155.39
902,313,150.41
897,319,146.08
891,324,144.79
891,324,145.79
885,330,146.05
877,337,145.34
867,343,142.70
867,343,140.03
858,350,138.88
848,359,125.31
841,363,111.85
839,365,105.33
836,367,117.27
836,367,134.98
833,369,150.73
832,371,142.46
830,372,137.45
827,374,137.69
829,373,127.51
829,372,132.66
829,372,144.57
831,371,158.37
831,370,163.74
831,370,161.96
830,371,159.69
827,375,159.33
824,378,162.33
824,378,166.02
821,383,-153.12
819,389,-136.79
817,395,-124.44
817,395,-119.58
817,401,-118.18
817,408,-117.71
817,408,-117.97
819,415,-116.05
822,422,-109.90
825,430,-120.98
825,430,-137.47
831,437,-147.71
837,443,-148.36
837,443,-143.15
843,450,-135.88
850,455,-129.61
858,461,-126.54
858,461,-126.62
865,467,-130.16
871,473,-137.18
871,473,-143.27
878,479,-150.47
883,486,-158.64
885,488,-139.31
885,490,-117.48
886,493,-126.30
885,496,-149.70
885,496,-171.80
886,499,-168.45
886,501,167.57
886,501,168.49
884,507,169.65
882,514,-154.18
879,523,-135.49
879,523,-122.73
876,530,-120.01
873,539,-124.70
873,539,-131.73
870,549,-139.28
866,559,143.97
862,570,145.88
862,570,145.37
859,580,144.50
854,591,147.96
848,603,151.25
848,603,153.06
843,611,153.67
843,615,142.46
841,616,137.00
841,616,137.16
838,616,140.12
836,617,133.01
833,619,117.17
831,618,102.86
828,618,82.06
828,618,66.16
826,619,52.66
824,619,42.02
819,616,37.91
814,612,37.22
814,612,38.82
809,607,39.83
803,600,38.39
803,600,36.14
798,593,35.61
792,586,36.71
786,578,34.97
786,578,32.30
780,571,31.87
773,563,32.09
773,563,32.60
766,555,32.23
758,546,32.33
750,537,31.42
750,537,30.29
741,529,32.86
733,521,35.25
733,521,36.53
725,512,37.48
717,502,35.74
709,492,36.09
709,492,37.51
702,483,36.87
694,474,38.22
686,464,34.74
686,464,29.89
678,456,26.28
670,445,24.06
661,433,29.43
661,433,36.97
652,422,40.96
642,411,38.70
637,404,31.24
637,404,23.87
633,401,17.13
632,397,10.64
633,391,4.93
633,391,2.05
634,387,0.35
635,384,-0.78
635,384,-1.12
637,381,0.01
640,380,-1.48
642,377,-4.23
642,377,-6.57
644,376,-18.56
647,375,-36.17
647,375,-49.69
650,374,-61.45
654,374,-73.12
657,374,-86.13
660,374,-100.76
660,374,-110.20
664,375,-118.13
666,377,-127.28
666,377,-133.33
666,377,-135.04
666,377,-133.51
672,404,144.11
669,406,150.23
669,406,151.19
666,408,145.40
662,410,136.01
659,411,125.53
659,411,118.79
656,412,113.28
651,412,106.20
648,411,96.56
648,411,89.46
644,409,81.38
641,408,70.66
641,408,62.90
639,406,54.24
636,404,43.25
635,402,30.48
633,400,17.83
633,400,10.54
633,396,6.07
633,393,2.60
633,393,1.17
633,393,1.52
633,393,2.76
651,313,2.33
654,301,1.10
654,301,-0.07
657,290,-0.72
661,278,-0.80
665,267,-0.51
665,267,-0.13
668,255,0.15
671,243,0.25
671,243,0.20
675,231,0.09
678,220,-0.01
678,220,-0.07
678,220,-0.07
678,220,-0.04
688,168,-0.01
691,154,0.01
691,154,0.02
691,154,0.02
691,154,0.01
699,97,0.42
700,90,2.57
700,90,4.84
696,82,9.99
696,82,14.66
696,82,17.11
687,67,24.33
681,62,36.34
673,58,52.80
665,55,71.66
665,55,84.03
658,53,94.15
651,54,104.99
644,55,115.90
644,55,122.29
640,56,125.89
631,58,129.70
623,61,135.39
623,61,139.79
615,65,142.44
606,69,145.89
606,69,148.36
597,73,149.65
589,79,146.37
580,85,144.72
580,85,144.72
570,91,142.74
559,97,144.63
549,103,148.39
549,103,151.67
539,109,149.12
529,116,144.66
529,116,140.95
518,123,141.32
508,129,143.07
497,136,148.24
497,136,153.24
487,142,156.88
476,150,154.87
463,159,154.18
463,159,154.53
454,172,162.87
451,182,173.63
448,187,167.51
448,187,154.12
446,188,156.31
445,189,-163.30
446,191,-173.93
445,193,-177.22
445,193,-174.87
445,199,-166.45
446,205,-158.85
447,211,-157.00
447,211,-159.26
449,218,-160.89
452,226,-160.63
453,235,-153.95
453,235,-146.32
456,245,-140.91
458,255,-139.47
460,265,-140.53
460,265,-142.59
462,278,-143.97
464,288,-144.36
465,294,-146.53
467,300,-145.90
470,311,-143.90
472,322,-142.36
472,322,-141.73
475,334,-142.31
479,346,-143.77
483,357,-144.72
483,357,-144.97
487,369,-144.71
491,382,-145.10
491,382,-145.70
496,396,-144.92
496,396,-143.67
507,422,-135.97
507,422,-127.74
508,430,-118.46
514,435,-107.44
521,439,-94.98
521,439,-86.91
529,442,-78.48
537,444,-67.11
537,444,-58.77
545,444,-59.45
552,444,-60.07
552,444,-60.40
558,444,-48.73
564,443,-32.02
574,440,-26.04
584,437,-27.14
584,437,-31.90
593,432,-35.55
593,432,-37.03
593,432,-36.62
611,422,-34.45
611,422,-32.17
611,422,-30.77
702,362,-20.44
702,362,-9.23
702,362,-2.19
731,341,0.32
741,334,-0.87
741,334,-3.70
751,325,-15.09
751,325,-26.69
770,308,-24.80
770,308,-15.84
780,299,-15.29
790,291,-11.09
801,282,-6.10
801,282,-2.73
812,274,-10.50
822,266,-12.72
822,266,-10.79
831,257,-13.09
840,248,-16.07
850,240,-17.35
859,229,-17.54
859,229,-17.00
867,219,-11.26
876,209,-11.57
876,209,-15.27
885,199,-18.57
895,189,-19.83
895,189,-19.38
895,189,-18.13
914,170,-17.76
923,160,-18.06
934,148,-20.72
934,148,-23.64
943,139,-28.41
948,134,-36.03
948,134,-42.13
952,132,-48.13
957,132,-56.17
957,132,-62.03
961,131,-69.61
964,131,-81.29
967,132,-96.32
967,132,-107.03
970,134,-116.59
972,136,-127.34
972,136,-134.29
975,138,-141.14
976,142,-149.67
977,145,-159.36
977,145,-165.69
978,149,-169.92
978,153,-173.67
978,155,-176.41
979,158,-177.83
979,158,-177.89
979,165,-177.97
978,173,-178.45
977,181,177.29
976,191,175.65
976,191,174.43
973,201,174.37
971,211,176.27
969,222,-178.52
965,233,179.19
963,244,177.83
961,256,175.86
961,256,174.35
959,267,173.33
957,278,173.01
956,291,173.66
956,291,174.60
955,303,174.89
953,315,174.27
951,329,173.38
951,329,172.70
949,340,-173.69
947,353,176.06
947,353,178.25
945,366,-177.75
941,377,-175.48
941,377,-173.11
939,391,-151.22
937,403,-147.57
937,403,-156.08
936,415,-148.04
935,428,-133.73
935,428,-121.76
934,441,-116.14
933,454,-117.41
932,468,-122.99
932,468,-128.75
930,480,-132.21
929,494,-133.72
926,506,-133.88
926,506,-133.19
923,519,-133.12
922,533,-132.20
921,545,-132.41
920,558,-145.32
920,558,-160.22
919,571,-169.64
919,584,-174.44
919,584,-174.54
918,598,-170.19
917,611,-167.17
916,624,-165.75
916,624,-165.87
915,637,-166.41
913,650,-168.22
912,663,-169.61
912,663,-170.16
912,676,-169.99
912,688,-170.32
912,702,-169.96
912,702,-169.35
913,716,-168.85
914,730,-168.20
914,746,-168.58
914,746,-169.39
914,752,-170.54
914,754,-172.23
914,754,-173.54
914,755,-173.24
913,753,-171.29
913,753,-169.20
913,750,-167.90
913,746,-168.86
913,741,-171.14
913,735,-173.25
913,735,-174.37
912,729,-172.78
911,721,-170.69
911,714,-169.19
911,714,-168.65
911,706,-168.48
910,697,-168.60
909,689,-168.42
909,689,-168.14
907,680,-167.50
906,671,-167.34
906,671,-167.52
904,662,-164.90
901,653,-160.91
899,644,-158.63
896,635,-162.88
896,635,-169.17
893,626,-169.00
891,617,-164.72
891,617,-159.84
888,607,-158.74
886,598,-163.22
883,588,-163.65
883,588,-161.54
881,578,-163.43
879,567,-166.02
879,567,-167.94
878,563,-169.08
879,563,-166.37
881,569,-162.96
881,569,-160.58
881,577,-161.04
883,583,-160.45
886,590,-160.76
886,590,-161.46
889,599,-161.25
891,609,-159.36
894,619,-155.60
894,619,-152.32
900,628,-148.19
906,638,-140.28
911,643,-128.45
911,643,-119.29
917,647,-113.83
924,649,-107.39
930,651,-95.95
930,651,-86.39
938,651,-75.65
945,650,-63.27
945,650,-55.12
952,648,-46.56
960,644,-34.66
966,639,-21.61
971,634,-9.16
971,634,-2.26
976,628,1.02
979,623,1.67
979,623,0.52
983,616,-0.37
987,607,-0.74
989,598,0.64
989,598,0.32
991,588,-0.00
994,578,-0.19
995,568,-0.22
997,558,-0.14
999,548,-0.04
999,548,0.04
1001,538,0.07
1003,527,-0.06
1003,527,-0.03
1006,518,0.00
1008,513,-3.33
1007,510,-12.23
1007,510,-20.66
1009,510,-30.31
1011,510,-41.23
1013,509,-52.92
1013,509,-60.18
1015,508,-70.60
1017,508,-84.77
1019,508,-100.64
1019,508,-110.86
1021,508,-123.14
1024,508,-136.91
1024,508,-145.80
1028,510,-152.73
1032,514,-158.13
1036,520,-162.05
1036,520,-163.48
1041,527,-161.60
1045,535,-160.67
1045,535,-160.69
1050,543,-160.41
1053,554,-162.16
1053,554,-164.37
1056,563,-162.99
1061,573,-160.10
1061,573,-157.54
1066,583,-155.83
1070,593,-155.32
1075,604,-158.23
1081,617,-161.92
1081,617,-164.52
1086,627,-165.40
1088,631,-164.49
1088,631,-162.92
1088,632,-162.04
1088,633,-162.35
1089,634,-164.05
1090,637,-165.86
1090,637,-166.97
1090,637,-167.21
1091,640,-167.26
1091,639,-167.60
1091,638,-167.97
1090,637,-167.36
1090,637,-166.43
1090,636,-166.13
1090,636,-166.74
1090,636,-167.20
1090,635,-167.39
1090,635,-167.33
1090,636,-167.16
1090,636,-167.00
1090,636,-167.32
1090,636,-167.79
1090,636,-167.74
1090,636,-167.40
1090,636,-165.36
1090,636,-163.19
1090,636,-163.52
1090,636,-163.91
1090,636,-164.18
1090,636,-163.84
1090,636,-164.96
1090,636,-166.47
1090,636,-167.57
1090,636,-167.97
1090,636,-168.22
1090,636,-167.85
1090,636,-167.28
1090,636,-167.25
1090,636,-167.13
1090,636,-167.00
1090,636,-164.84
1090,636,-162.81
1090,636,-163.38
1090,636,-165.23
1088,635,-166.62
1088,632,-167.18
1086,629,-167.01
1086,629,-166.49
1085,625,-165.56
1083,621,-164.37
1082,618,-161.85
1082,618,-159.61
1080,615,-160.14
1081,616,-162.48
1081,619,-164.48
1081,619,-165.44
1083,623,-165.40
1085,622,-162.28
1085,622,-158.68
1082,620,-156.72
1080,616,-155.27
1078,611,-154.74
1075,606,-152.86
1075,606,-150.99
1072,600,-149.07
1067,593,-147.51
1067,593,-146.80
1062,586,-147.31
1057,579,-149.15
1052,572,-150.99
1046,564,-150.82
1046,564,-149.54
1039,557,-149.82
1032,549,-150.90
1026,541,-151.98
1026,541,-152.62
1019,532,-152.74
1012,524,-152.49
1006,516,-152.15
999,507,-151.46
999,507,-150.87
993,497,-151.00
986,488,-151.07
979,479,-148.58
979,479,-145.63
974,473,-145.74
972,470,-147.58
970,466,-149.67
967,463,-151.44
967,463,-151.45
964,458,-148.76
962,456,-146.88
961,456,-145.00
961,455,-145.58
961,455,-148.18
960,454,-151.29
960,453,-153.82
960,453,-154.95
960,453,-154.79
960,453,-153.95
960,453,-153.07
960,453,-150.85
960,453,-148.79
960,453,-149.35
960,454,-150.78
960,454,-152.13
961,455,-152.86
963,458,-152.92
963,458,-152.58
966,461,-151.72
970,467,-150.50
974,473,-144.98
978,478,-140.11
978,478,-137.64
984,484,-132.18
990,490,-122.65
990,490,-114.75
997,494,-108.16
1005,496,-97.99
1005,496,-89.99
1012,498,-80.32
1019,498,-66.62
1026,497,-50.44
1026,497,-39.59
1034,494,-30.10
1040,490,-20.36
1046,485,-9.94
1046,485,-3.48
1052,478,0.48
1056,472,2.58
1059,464,-2.73
1059,464,-1.67
1060,455,-0.36
1061,447,0.56
1062,437,1.27
1062,437,1.58
1063,428,1.51
1064,418,1.26
1064,418,1.01
1064,407,0.44
1063,397,0.34
1063,385,0.56
1063,385,0.87
1064,373,1.11
1065,360,0.78
1065,360,0.26
1067,350,-0.15
1066,345,-0.51
1065,344,-4.44
1065,344,-8.63
1067,344,-14.15
1068,345,-18.97
1068,345,-21.37
1069,343,-25.12
1068,342,-35.19
1068,341,-50.17
1068,341,-61.74
1071,340,-74.44
1074,338,-88.75
1078,337,-103.45
1078,337,-112.24
1083,338,-119.35
1087,338,-128.35
1091,339,-139.72
1091,339,-147.70
1094,341,-154.98
1097,345,-162.15
1099,349,-167.94
1099,349,-170.49
1101,355,-171.36
1102,363,-171.29
1102,363,-170.72
1105,371,-170.50
1107,380,-170.58
1109,389,-171.64
1111,399,-171.99
1111,399,-171.78
1114,409,-170.91
1117,419,-170.86
1119,431,-170.47
1119,431,-170.05
1122,443,-171.45
1123,454,-172.08
1125,468,-172.83
1125,468,-173.34
1126,480,-174.33
1125,487,175.18
1126,490,175.19
1126,490,174.69
1124,493,172.44
1120,495,167.19
1118,498,159.04
1118,498,152.60
1116,500,144.85
1113,502,134.96
1113,502,127.97
1109,502,118.06
1106,503,104.33
1102,502,92.44
1102,502,86.58
1099,501,80.01
1096,498,69.07
1096,498,60.17
1093,495,49.90
1091,492,37.28
1089,489,24.80
1089,489,17.62
1087,486,15.27
1084,483,12.12
1084,483,9.82
1080,476,8.13
1077,467,9.61
1075,458,9.79
1071,448,10.82
1071,448,11.91
1067,438,12.59
1064,428,11.06
1064,428,8.89
1060,417,6.84
1057,407,7.38
1054,396,9.21
1054,396,11.02
1051,385,12.49
1047,374,13.55
1044,363,13.52
1044,363,12.87
1039,351,10.46
1034,340,8.86
1034,340,8.41
1030,327,10.06
1026,314,11.84
1026,314,12.94
1021,302,12.77
1016,290,11.10
1011,278,10.92
1011,278,11.68
1011,278,12.68
999,249,18.41
990,239,25.33
986,232,35.49
986,232,43.29
981,227,50.22
975,225,60.01
966,224,74.48
959,223,92.32
959,223,104.66
953,224,113.65
947,225,121.13
947,225,124.59
941,226,125.94
932,229,127.17
924,232,128.65
924,232,129.66
915,236,129.97
907,241,129.75
907,241,129.30
897,246,128.92
888,251,128.73
888,251,128.73
878,257,128.01
866,262,127.59
856,267,128.35
856,267,129.48
844,273,130.78
844,273,131.62
834,278,131.86
823,283,131.63
811,290,133.33
799,298,138.36
799,298,143.22
790,309,136.35
786,319,126.35
786,319,118.71
781,326,135.70
781,326,159.92
781,326,178.23
777,336,-165.81
776,341,-139.44
776,341,-115.96
778,347,-104.82
780,355,-103.42
782,362,-127.51
782,362,-156.36
786,370,-175.51
789,378,-181.85
789,378,-178.08
794,388,-170.42
798,397,-163.70
802,407,-159.07
807,418,-158.02
812,427,-159.49
812,427,-161.81
812,427,-163.66
814,450,-164.88
813,456,166.47
814,458,167.20
814,458,167.13
814,458,166.61
810,462,163.13
807,465,155.62
807,465,148.90
806,468,132.07
803,469,117.23
800,470,108.92
800,470,107.87
792,475,109.82
785,478,116.47
785,478,123.06
776,484,125.21
768,487,127.20
759,491,126.19
759,491,123.85
749,495,122.55
739,501,123.65
739,501,125.69
730,505,127.85
720,510,129.58
709,517,134.94
709,517,140.18
697,523,139.39
687,533,145.04
681,542,149.98
681,542,152.45
677,547,152.86
675,552,-152.74
675,552,-152.36
676,558,-151.99
676,565,-150.52
676,565,-149.03
677,572,-145.23
680,579,-137.90
680,579,-131.59
684,585,-122.65
688,591,-109.66
694,595,-92.62
700,598,-86.63
700,598,-89.56
707,600,-75.15
716,602,-51.24
716,602,-31.79
724,602,-25.99
732,599,-26.79
739,595,-29.44
739,595,-32.05
746,590,-32.71
755,585,-31.13
763,579,-28.06
763,579,-25.42
771,572,-23.70
779,565,-22.41
788,558,-18.56
788,558,-14.83
796,551,-15.24
805,543,-17.47
814,536,-19.40
814,536,-20.36
823,528,-19.93
830,519,-18.88
830,519,-17.89
838,510,-16.95
845,501,-17.26
854,491,-18.58
862,481,-19.95
862,481,-20.76
870,472,-20.92
878,463,-20.63
887,453,-20.19
887,453,-19.86
896,444,-19.73
905,437,-19.34
914,427,-18.56
914,427,-17.87
922,417,-17.10
929,408,-17.03
929,408,-17.40
945,387,-17.86
953,377,-18.61
961,367,-15.86
961,367,-12.23
969,357,-12.53
978,347,-13.32
978,347,-14.06
986,338,-16.14
996,329,-17.71
996,329,-18.33
1004,318,-16.04
1012,308,-13.86
1020,298,-13.06
1020,298,-13.41
1027,287,-11.77
1034,275,-11.75
1042,264,-12.67
1042,264,-13.77
1049,253,-14.92
1057,242,-12.28
1057,242,-8.54
1065,231,-7.81
1073,220,-9.55
1083,209,-6.99
1083,209,-3.00
1092,194,-4.44
1095,185,-7.60
1098,183,-8.35
1098,183,-7.39
1099,181,-5.83
1099,182,-5.41
1099,182,-5.83
1098,184,-5.31
1096,187,-4.88
1094,192,-4.68
1094,192,-4.69
1092,197,-4.00
1089,204,-3.59
1086,210,-3.94
1086,210,-4.59
1082,217,-5.56
1078,225,-5.47
1078,225,-4.80
1076,234,-3.66
1073,243,-4.39
1068,252,-5.91
1068,252,-7.25
1065,261,-7.92
1060,271,-7.51
1055,280,-6.64
1055,280,-5.87
1050,289,-5.47
1046,301,-5.04
1046,301,-4.78
1041,312,-3.46
1036,324,-2.50
1029,338,-3.82
1029,338,-5.92
1022,348,-10.94
1017,355,-18.90
1010,358,-29.84
1010,358,-37.95
1002,361,-46.45
993,364,-57.90
993,364,-66.28
986,364,-76.05
978,363,-88.82
970,360,-81.71
964,356,-70.58
964,356,-61.77
958,351,-63.01
953,345,-74.17
949,337,-88.96
947,329,-102.18
947,329,-108.96
945,322,-112.09
944,316,-112.20
944,316,-110.51
946,310,-109.31
947,306,-109.74
948,301,138.09
948,301,170.86
949,298,192.50
950,295,196.95
952,293,189.53
952,293,178.30
953,292,169.55
953,291,163.39
953,290,161.31
953,290,162.48
953,292,166.30
951,294,171.33
949,298,174.53
949,298,175.34
947,302,172.74
944,308,171.76
944,308,172.12
941,314,171.86
938,321,173.02
934,329,173.69
931,337,175.46
931,337,177.13
928,345,176.80
923,356,175.85
923,356,174.94
919,365,174.86
917,376,174.03
914,387,171.45
914,387,168.92
911,397,-149.10
908,409,-129.16
905,421,-116.65
905,421,-113.69
902,434,-120.04
899,450,-126.64
899,450,-130.64
899,458,-127.68
900,465,-121.08
904,472,-112.61
908,479,-102.82
908,479,-96.37
912,485,-112.93
916,489,-131.80
916,489,-144.12
919,491,-144.55
926,497,-135.80
933,501,-124.10
933,501,-115.58
941,505,-111.21
950,510,-110.67
950,510,-112.58
958,514,-116.80
966,518,-123.09
973,524,-132.57
973,524,-139.94
980,529,-148.01
984,532,-156.05
984,532,-160.71
985,534,-163.96
984,537,-167.54
984,541,-171.49
984,544,174.42
984,544,175.53
983,547,174.29
980,550,170.10
980,550,165.95
977,553,159.79
975,555,151.70
972,557,142.10
969,558,132.29
969,558,126.46
967,560,123.71
960,564,119.72
960,564,116.68
952,567,114.21
944,570,114.77
944,570,116.87
933,571,115.63
923,573,113.40
913,575,111.51
913,575,110.62
902,578,111.51
891,580,112.65
881,582,113.88
881,582,114.65
869,585,115.24
858,587,115.90
858,587,116.33
847,590,116.02
835,595,115.83
835,595,115.79
824,599,115.86
812,602,115.12
798,606,115.06
786,609,115.00
786,609,114.96
774,613,114.12
762,616,114.84
762,616,116.16
751,620,117.28
751,620,117.81
739,623,117.79
727,627,116.19
715,630,115.60
715,630,115.84
703,635,116.88
691,640,117.54
691,640,117.70
679,645,115.82
665,649,113.14
653,653,113.60
641,658,120.31
641,658,127.85
629,663,127.28
617,667,128.09
606,671,130.61
594,676,134.33
594,676,137.19
582,681,140.45
570,687,126.28
570,687,107.88
557,694,93.46
545,700,104.93
545,700,126.68
533,704,147.00
527,707,157.15
522,709,157.57
515,712,132.92
515,712,103.98
509,715,103.44
505,717,119.66
505,717,138.85
501,719,151.34
498,720,154.71
498,720,151.36
497,721,145.91
496,721,141.95
496,721,140.49
496,721,140.70
495,721,141.78
495,721,142.92
495,722,144.03
494,722,144.67
493,722,145.18
493,723,145.82
493,723,146.27
493,723,146.42
493,723,146.33
493,723,146.14
492,723,146.81
493,722,147.69
493,722,148.34
493,722,149.41
493,722,150.28
491,723,151.09
491,723,151.52
490,724,151.14
488,725,150.86
487,725,148.66
486,726,147.95
484,727,148.39
481,728,149.32
481,728,150.14
479,729,150.57
477,730,150.57
477,730,150.34
474,731,150.48
472,733,151.61
470,734,153.27
470,734,154.54
467,735,155.89
465,736,157.56
463,737,159.97
463,737,161.80
461,738,163.37
459,740,164.96
459,740,165.91
457,741,166.91
456,742,167.95
455,744,169.00
455,744,169.60
453,745,170.12
452,746,170.37
451,747,171.62
451,748,172.08
449,750,171.90
447,752,171.84
447,752,171.87
446,755,-171.94
444,757,-171.17
444,757,-170.24
443,760,-169.59
442,762,-169.39
442,762,-169.52
442,765,-168.97
441,767,-167.82
441,769,-165.97
441,772,-163.66
441,772,-162.03
441,774,-160.66
441,776,-158.74
441,776,-157.32
441,779,-155.94
441,781,-153.91
442,783,-151.51
442,783,-149.90
442,785,-147.75
442,786,-144.93
442,786,-142.90
443,788,-141.34
444,790,-139.04
445,793,-135.17
445,793,-132.02
446,795,-129.33
448,799,-124.71
450,802,-117.54
453,805,-108.55
453,805,-102.25
456,808,-96.80
460,811,-93.72
460,811,-93.29
464,813,-92.09
469,816,-95.95
469,816,-101.14
474,819,-103.69
480,821,-96.52
486,822,-94.23
493,825,-91.54
493,825,-89.75
501,828,-86.72
509,831,-82.99
509,831,-80.40
516,833,-83.32
525,836,-92.41
533,839,-94.19
541,842,-98.07
541,842,-101.55
549,844,-97.92
557,847,-90.40
557,847,-83.77
564,851,-86.69
572,854,-92.28
580,856,-97.51
580,856,-100.34
587,859,-94.74
596,862,-90.34
604,864,-85.54
604,864,-82.53
613,867,-71.36
624,867,-62.62
624,867,-58.94
634,867,-54.32
643,864,-46.06
649,861,-35.38
649,861,-27.75
652,859,-24.66
655,858,-21.34
655,858,-19.26
658,855,-16.69
661,853,-13.23
663,852,-12.79
663,852,-14.30
667,848,-12.96
671,843,-10.52
676,840,-10.56
681,834,-11.18
681,834,-11.89
686,829,-13.18
691,825,-11.35
697,819,-8.47
702,814,-6.18
702,814,-5.19
707,809,-4.95
713,803,-7.76
713,803,-11.17
720,798,-12.24
726,793,-9.84
731,786,-7.68
736,780,-4.46
736,780,-1.98
742,775,-3.05
742,775,-5.74
746,768,-8.25
751,762,-7.52
756,755,-5.20
761,749,-5.02
761,749,-6.16
766,742,-5.50
771,735,-7.00
774,731,-5.36
776,728,-6.35
782,720,-8.45
787,714,-10.32
787,714,-11.27
792,707,-10.88
798,700,-9.87
798,700,-8.91
804,693,-7.98
810,687,-7.44
815,680,-7.36
815,680,-7.58
820,673,-7.89
825,666,-8.11
825,666,-8.19
829,660,-7.74
834,653,-7.17
839,646,-6.77
839,646,-6.63
843,638,-5.45
847,631,-5.83
847,631,-6.96
852,623,-8.05
857,615,-9.08
861,608,-9.65
861,608,-9.71
866,600,-6.52
870,593,-3.19
876,585,-1.59
876,585,-1.67
883,578,-1.85
888,570,-2.02
888,570,-2.11
892,563,-3.79
897,556,-5.69
901,548,-6.51
905,541,-6.35
905,541,-5.70
910,533,-5.03
914,525,-5.04
914,525,-5.45
917,517,-5.92
921,509,-6.64
925,500,-7.21
925,500,-7.46
930,492,-7.41
934,484,-7.63
938,475,-6.24
944,467,-4.91
950,458,-4.18
950,458,-4.09
954,449,-5.26
959,440,-4.99
959,440,-4.01
964,431,-2.59
969,421,-3.19
974,411,-4.30
974,411,-5.23
979,401,-4.85
983,390,-5.10
988,379,-4.79
988,379,-4.28
994,367,-5.12
998,356,-6.39
1004,345,-7.39
1004,345,-7.81
1011,334,-7.29
1017,322,-5.62
1022,311,-4.39
1022,311,-3.92
1027,300,-4.52
1033,288,-5.49
1033,288,-6.26
1039,276,-6.19
1043,264,-5.65
1048,252,-5.48
1048,252,-5.60
1054,236,-4.58
1061,221,-4.58
1061,221,-5.18
1065,213,-6.28
1066,210,-7.23
1067,207,-8.10
1067,207,-8.57
1067,208,-6.51
1066,210,-4.68
1064,212,-4.59
1064,212,-5.54
1062,216,-6.70
1062,216,-7.51
1060,220,-7.34
1058,226,-5.85
1056,233,-4.21
1052,239,-2.75
1052,239,-2.00
1049,246,-3.66
1045,254,-6.02
1041,263,-7.80
1041,263,-8.51
1037,271,-7.87
1033,279,-6.72
1033,279,-5.75
1028,288,-4.87
1025,297,-4.00
1022,306,-1.82
1022,306,0.21
1018,316,1.30
1014,326,0.56
1014,326,-0.94
1012,335,-1.84
1010,338,-2.85
1009,341,-3.92
1009,341,-4.57
1007,345,-3.46
1005,349,-3.04
1005,351,-3.20
1005,351,-3.62
1004,351,-4.45
1004,350,-5.16
1004,350,-5.51
1005,350,-5.08
1005,349,-4.80
1005,349,-4.72
1005,348,-4.37
1006,347,-4.43
1006,347,-4.71
1007,346,-3.73
1007,344,-3.70
1008,342,-3.80
1009,340,-3.11
1009,340,-2.24
1009,340,-2.89
1009,340,-4.15
1009,341,-4.82
1008,341,-4.87
1008,342,-3.28
1007,343,-2.24
1007,344,-1.95
1007,344,-2.22
1007,345,-1.87
1006,346,-0.88
1006,346,0.06
1006,348,-0.67
1005,350,-1.23
1005,351,-1.05
1004,352,-0.92
1003,355,-0.88
1003,359,-0.91
1002,362,-0.96
1000,366,-1.43
1000,366,-1.94
999,370,-3.10
998,374,-3.73
996,378,-4.21
996,378,-4.40
995,382,-4.35
993,387,-3.33
991,391,-2.60
991,391,-2.34
990,396,-1.63
988,401,-0.54
986,406,-0.51
986,406,-1.12
984,411,-1.42
983,416,-1.42
983,416,-1.25
981,422,-1.04
980,427,-0.49
980,427,0.04
979,434,0.33
977,440,0.36
977,440,0.23
976,446,0.06
975,452,-0.07
973,458,-0.11
972,465,0.09
972,465,0.04
970,473,0.01
969,480,0.03
969,480,0.03
966,489,-0.02
965,498,-0.00
965,498,0.01
964,508,-0.01
961,517,0.01
961,517,0.00
959,528,0.00
956,538,0.00
953,549,0.00
951,560,-0.00
949,572,-0.00
948,584,0.00
948,584,0.00
946,595,0.00
945,607,0.42
943,618,-0.49
943,618,-0.32
942,628,0.09
941,641,-0.08
940,653,-0.15
937,664,-0.12
936,672,-0.06
935,678,0.00
934,692,0.46
933,704,0.95
933,704,1.26
932,709,0.91
932,713,0.75
931,718,0.76
931,718,0.87
931,724,0.57
930,730,0.16
929,736,-0.15
929,736,-0.26
928,740,-0.22
928,742,0.10
928,742,-0.01
927,745,-0.07
926,747,-0.08
926,748,0.05
926,748,-0.01
926,747,0.01
926,747,0.02
926,747,0.02
927,745,0.01
927,743,-0.00
927,743,-0.01
928,740,-0.01
929,736,0.00
930,732,0.00
930,732,-0.00
931,727,-0.00
932,721,-0.00
933,716,-0.00
933,716,0.00
934,710,0.00
935,704,0.00
936,698,0.00
937,692,0.00
937,692,-0.00
938,685,0.42
938,678,1.32
939,672,1.71
940,666,2.06
940,666,2.24
942,659,1.41
942,652,0.75
942,652,0.47
942,645,0.12
942,639,-0.14
942,632,0.19
942,624,0.72
942,624,1.14
944,616,1.33
944,608,1.30
944,608,1.16
944,600,0.59
945,592,0.43
946,584,0.58
946,579,1.26
947,576,1.54
946,568,1.07
947,561,0.76
948,553,0.68
948,546,1.19
948,546,1.82
949,538,1.85
949,531,1.09
949,531,0.19
950,524,0.01
950,516,-0.10
950,516,-0.12
950,509,-0.09
949,502,-0.03
949,494,0.44
949,486,0.94
949,486,1.26
950,477,0.92
949,469,0.34
949,460,-0.14
949,452,0.47
949,452,1.47
949,444,1.44
949,436,0.82
949,436,0.11
948,428,-0.34
949,420,-0.05
949,412,0.98
949,404,2.00
949,404,2.60
949,396,3.11
948,387,3.78
948,387,4.26
948,379,4.85
947,370,5.26
945,362,5.38
945,362,5.30
944,356,3.45
943,353,1.35
943,349,-0.02
943,344,-0.81
943,344,-0.93
943,340,1.06
943,336,2.19
942,332,2.77
942,332,2.79
941,329,2.47
940,324,2.50
940,324,2.73
940,320,2.98
939,316,2.29
939,311,0.94
939,306,0.59
939,306,0.98
938,302,2.05
938,298,3.07
937,293,2.80
937,293,1.89
937,289,1.41
936,286,0.54
936,281,-0.19
936,281,-0.54
936,277,-0.51
936,273,0.13
935,269,1.71
935,269,3.16
935,265,3.11
934,261,2.19
934,257,1.16
934,257,0.50
933,253,0.32
933,250,0.92
933,250,1.72
932,246,2.30
932,242,2.93
931,239,2.91
930,235,2.94
930,235,2.98
930,231,3.43
929,227,3.51
928,223,3.35
928,223,3.11
926,219,3.34
925,215,3.33
924,211,3.61
924,211,3.93
924,208,4.15
923,204,4.63
923,204,5.07
922,199,4.87
921,195,4.81
919,190,4.86
919,190,4.94
917,186,5.02
915,181,5.05
914,177,4.63
913,173,4.54
911,168,4.68
911,168,4.90
910,164,4.65
908,159,4.65
908,159,4.80
907,155,5.39
906,152,6.40
905,149,8.50
905,149,10.35
903,146,12.11
902,143,13.51
900,141,15.37
898,138,17.96
896,136,21.16
896,136,23.37
895,135,25.34
893,133,28.02
893,133,29.98
891,131,32.39
889,130,35.72
887,129,39.44
884,128,43.94
882,126,48.67
882,126,51.56
880,125,53.85
879,125,56.08
877,124,57.76
877,124,58.42
876,124,58.63
874,123,58.91
873,123,58.69
870,121,58.69
870,121,58.82
867,119,59.39
863,117,61.23
863,117,63.04
859,115,65.75
855,114,68.68
851,112,71.36
847,111,74.02
847,111,75.56
842,109,76.64
838,108,78.26
838,108,79.51
833,107,81.28
829,106,83.03
824,105,86.12
824,105,88.71
820,105,91.59
816,105,95.11
813,104,100.04
813,104,103.73
809,104,107.66
805,104,113.85
805,104,118.77
801,104,122.57
798,105,127.05
798,105,130.05
795,106,133.87
792,107,137.82
789,108,141.86
789,109,145.11
786,110,148.21
783,112,156.61
780,113,161.66
780,113,162.66
778,116,161.29
775,118,159.54
775,119,159.96
773,120,164.41
772,123,168.91
770,126,169.06
768,127,168.71
767,129,167.37
764,132,166.02
761,136,162.30
761,136,158.75
757,140,159.72
754,144,159.56
751,148,158.40
751,148,157.14
748,153,155.51
744,157,156.86
740,162,156.03
740,162,154.28
736,166,152.31
731,171,155.63
731,171,160.64
727,175,159.53
722,180,155.74
717,185,156.98
717,185,160.64
713,189,161.67
708,194,159.48
704,198,158.00
704,198,157.56
700,203,157.49
695,208,159.75
695,208,162.42
691,212,162.55
687,217,164.48
683,222,165.82
683,222,166.26
679,227,165.57
676,231,163.26
671,237,160.13
671,237,157.84
667,242,161.17
663,248,167.63
663,248,173.22
660,255,161.75
657,263,160.62
656,271,-149.67
656,271,-137.58
656,278,-129.05
656,282,-125.32
657,286,-125.94
657,286,-128.83
659,290,-129.33
659,293,-126.98
659,293,-123.95
660,297,-120.95
662,299,-117.97
662,299,-116.25
662,302,-114.73
663,304,-112.70
663,306,-111.23
663,306,-110.69
664,307,-110.93
668,311,-126.98
669,313,-126.30
670,315,-134.97
673,320,-129.17
676,325,-133.66
676,325,-142.27
680,329,-149.67
683,333,-153.29
686,339,-136.46
686,339,-114.78
689,345,-98.90
693,350,-92.21
698,356,-110.38
698,356,-135.42
701,360,-153.58
705,366,-159.73
705,366,-156.32
710,371,-148.77
713,376,-124.83
717,381,-100.93
717,381,-87.05
721,385,-101.93
725,390,-109.79
729,393,-104.42
730,395,-99.45
734,400,-113.92
737,405,-133.66
737,405,-148.22
742,409,-153.68
747,413,-151.97
747,413,-146.82
751,418,-141.80
756,423,-138.13
761,428,-138.44
766,433,-140.95
766,433,-143.68
771,438,-128.27
776,445,-125.46
776,445,-131.15
782,453,-139.41
788,460,-145.31
795,467,-147.35
795,467,-146.31
802,475,-143.48
809,483,-122.41
809,483,-99.53
817,490,-103.12
825,499,-120.20
832,507,-138.42
832,507,-149.69
841,514,-151.78
850,522,-148.07
850,522,-142.54
859,530,-138.68
868,538,-136.98
877,548,-138.09
877,548,-140.37
885,557,-142.38
895,566,-142.97
904,575,-139.57
912,583,-136.93
912,583,-135.84
921,593,-136.53
930,601,-137.54
940,610,-137.91
940,610,-137.74
952,619,-137.75
961,627,-137.44
961,627,-137.08
966,631,-137.25
969,634,-138.50
973,637,-139.44
977,640,-140.22
977,640,-140.58
979,642,-140.55
980,644,-140.30
980,645,-139.61
982,646,-134.78
983,646,-132.89
983,647,-133.51
983,646,-134.91
983,646,-136.18
982,646,-138.10
982,646,-138.34
982,646,-137.50
982,646,-136.80
983,646,-136.90
983,646,-137.00
983,646,-136.64
983,646,-136.16
983,646,-135.82
983,646,-136.11
983,646,-136.65
983,646,-137.11
983,646,-137.33
983,646,-137.74
983,646,-137.67
983,646,-137.35
983,646,-137.01
983,646,-137.23
983,646,-137.68
983,646,-137.24
983,646,-137.30
983,646,-137.63
983,646,-137.97
983,646,-138.19
983,646,-138.23
983,646,-137.74
983,646,-137.15
983,646,-136.32
983,646,-135.71
983,646,-135.47
983,646,-135.97
983,646,-137.11
983,646,-138.56
983,646,-139.59
983,646,-139.52
983,646,-138.43
983,646,-136.78
983,646,-135.91
983,646,-135.86
983,646,-136.72
983,646,-137.76
983,646,-138.05
983,646,-138.61
983,646,-138.68
983,646,-138.02
983,646,-137.21
983,646,-137.49
983,646,-137.44
983,646,-137.23
