posx,posy,ang
1000,3315021,3311700
1000,3315021,3311700
1000,3315021,3311700
1000,3315021,3311700
1000,3315021,3311700
1000,3315021,3311700
1000,3315021,3311700
1000,3315021,3311700
1000,3315021,3311700
1000,3315021,3311700
1000,3315021,3311700
1000,3315021,3311700
1000,3315021,3311700
1000,3315021,3311700
1000,3315021,3311700
1000,3315021,3311700
1000,3315021,3311700
1000,3315021,3311700
1000,3315018,3311700
1000,3315018,3311700
1000,3315021,3311700
1000,3315021,3311700
1000,3315021,3311700
1000,3315021,3311700
1000,3315021,3311700
1000,3315021,3311700
1000,3315021,3311700
1000,3315021,3311700
1000,3315021,3311700
1000,3315021,3311700
1000,3315021,3311700
1000,3315021,3311700
1000,3315021,3311700
1000,3315021,3311700
1000,3315021,3311700
1000,3315021,3311700
1000,3315021,3311700
1000,3315021,3311700
1000,3315021,3311700
1000,3315021,3311700
1000,3315021,3311700
1000,3320718,3317400
1000,3320718,3317400
1000,3320718,3317400
1000,3326418,3323100
1000,3337818,3334500
1000,3349218,3345900
1000,3349218,3345900
1000,3360615,3357300
1000,3372015,3368700
1000,3383412,3380100
1000,3383412,3380100
1000,3394812,3391500
1000,3406212,3402900
1000,3417609,3414300
1000,3429009,3425700
1000,3446106,3442800
1000,3446106,3442800
1000,3463203,3459900
1000,3480294,3477000
1000,3497388,3494100
1000,3497388,3494100
1000,3514479,3511200
1000,3531567,3528300
1000,3542952,3539700
1000,3548637,3545400
1000,3548637,3545400
1000,3548619,3545400
1000,3542904,3539700
1000,3531489,3528300
1000,3520077,3516900
1000,3520077,3516900
1000,3497265,3494100
1000,3480159,3477000
1000,3480159,3477000
1000,3457353,3454200
1000,3434550,3431400
1000,3406047,3402900
1000,3371847,3368700
1000,3371847,3368700
1000,3343347,3340200
1000,3309156,3306000
1000,3309156,3306000
1000,3286365,3283200
1000,3263577,3260400
1000,3246492,3243300
1000,3246492,3243300
1000,3235107,3231900
1000,3235122,3231900
1000,3229434,3226200
1000,3229434,3226200
1000,3235146,3231900
1000,3246561,3243300
1000,3246561,3243300
1000,3257973,3254700
1000,3269388,3266100
1000,3297900,3294600
1000,3297900,3294600
1000,3326409,3323100
1000,3354915,3351600
1000,3389118,3385800
1000,3389118,3385800
1000,3417615,3414300
1000,3446112,3442800
1000,3474606,3471300
1000,3474606,3471300
1000,3491697,3488400
1000,3508788,3505500
1000,3525876,3522600
1000,3525876,3522600
1000,3537261,3534000
1000,3548646,3545400
1000,3554328,3551100
1000,3554328,3551100
1000,3548610,3545400
1000,3531489,3528300
1000,3508668,3505500
1000,3508668,3505500
1000,3497250,3494100
1000,3491529,3488400
1000,3491529,3488400
1000,3491514,3488400
1000,3491496,3488400
1000,3491496,3488400
1000,3502881,3499800
1000,3514266,3511200
1000,3531354,3528300
1000,3531354,3528300
1000,3531354,3528300
1000,3576930,3573900
1000,3605424,3602400
1000,3605424,3602400
1000,3633918,3630900
1000,3662412,3659400
1000,3662412,3659400
1000,3696609,3693600
1000,3730812,3727800
1000,3730812,3727800
1000,3770721,3767700
1000,3799233,3796200
1000,3827748,3824700
1000,3827748,3824700
1000,3850563,3847500
1000,3867684,3864600
1000,3873402,3870300
1000,3873402,3870300
1000,3879123,3876000
1000,3873441,3870300
1000,3862065,3858900
1000,3862065,3858900
1000,3844983,3841800
1000,3816501,3813300
1000,3788013,3784800
1000,3788013,3784800
1000,3753822,3750600
1000,3713928,3710700
1000,3713928,3710700
1000,3674031,3670800
1000,3634131,3630900
1000,3634131,3630900
1000,3599925,3596700
1000,3565716,3562500
1000,3531504,3528300
1000,3531504,3528300
1000,3502989,3499800
1000,3480171,3477000
1000,3468756,3465600
1000,3468756,3465600
1000,3463032,3459900
1000,3451608,3448500
1000,3457281,3454200
1000,3457254,3454200
1000,3457254,3454200
1000,3451527,3448500
1000,3440100,3437100
1000,3428673,3425700
1000,3411555,3408600
1000,3411555,3408600
1000,3394440,3391500
1000,3388740,3385800
1000,3377334,3374400
1000,3354525,3351600
1000,3354525,3351600
1000,3337416,3334500
1000,3308913,3306000
1000,3286113,3283200
1000,3286113,3283200
1000,3263310,3260400
1000,3234813,3231900
1000,3212019,3209100
1000,3212019,3209100
1000,3194928,3192000
1000,3177831,3174900
1000,3149343,3146400
1000,3149343,3146400
1000,3120858,3117900
1000,3086676,3083700
1000,3058197,3055200
1000,3024018,3021000
1000,3024018,3021000
1000,2984142,2981100
1000,2955669,2952600
1000,2955669,2952600
1000,2921499,2918400
1000,2893026,2889900
1000,2853156,2850000
1000,2853156,2850000
1000,2818986,2815800
1000,2784813,2781600
1000,2750643,2747400
1000,2750643,2747400
1000,2705070,2701800
1000,2665203,2661900
1000,2613930,2610600
1000,2613930,2610600
1000,2551251,2547900
1000,2494263,2490900
1000,2494263,2490900
1000,2465772,2462400
1000,2460078,2456700
1000,2460078,2456700
1000,2460078,2456700
1000,2431575,2428200
1000,2397378,2394000
1000,2397378,2394000
1000,2351778,2348400
1000,2306181,2302800
1000,2254884,2251500
1000,2254884,2251500
1000,2197887,2194500
1000,2140890,2137500
1000,2140890,2137500
1000,2083893,2080500
1000,2021196,2017800
1000,1964199,1960800
1000,1964199,1960800
1000,1901505,1898100
1000,1833108,1829700
1000,1764711,1761300
1000,1702008,1698600
1000,1696311,1692900
1000,1627908,1624500
1000,1559505,1556100
1000,1559505,1556100
1000,1479702,1476300
1000,1411302,1407900
1000,1337199,1333800
1000,1337199,1333800
1000,1257399,1254000
1000,1188999,1185600
1000,1114899,1111500
1000,1035102,1031700
1000,1035102,1031700
1000,961002,957600
1000,892602,889200
1000,892602,889200
1000,824196,820800
1000,738690,735300
1000,664587,661200
1000,664587,661200
1000,664587,661200
1000,664587,661200
1000,430878,427500
1000,356775,353400
1000,356775,353400
1000,356775,353400
1000,356775,353400
1000,219804,216600
1000,242610,239400
1000,265404,262200
1000,265404,262200
1000,288195,285000
1000,310989,307800
1000,328080,324900
1000,328080,324900
1000,339471,336300
1000,350868,347700
1000,379353,376200
1000,379353,376200
1000,402135,399000
1000,419208,416100
1000,430581,427500
1000,430581,427500
1000,447654,444600
1000,459021,456000
1000,476091,473100
1000,476091,473100
1000,487461,484500
1000,498828,495900
1000,515898,513000
1000,515898,513000
1000,515898,513000
1000,515898,513000
1000,572793,570000
1000,572793,570000
1000,601260,598500
1000,635427,632700
1000,658191,655500
1000,658191,655500
1000,692355,689700
1000,720819,718200
1000,749283,746700
1000,783441,780900
1000,783441,780900
1000,834702,832200
1000,863184,860700
1000,880266,877800
1000,908760,906300
1000,942957,940500
1000,942957,940500
1000,982851,980400
1000,1017051,1014600
1000,1045557,1043100
1000,1045557,1043100
1000,1079766,1077300
1000,1108275,1105800
1000,1108275,1105800
1000,1131090,1128600
1000,1148205,1145700
1000,1159620,1157100
1000,1159620,1157100
1000,1171038,1168500
1000,1165353,1162800
1000,1165353,1162800
1000,1159668,1157100
1000,1148283,1145700
1000,1125501,1122900
1000,1102713,1100100
1000,1102713,1100100
1000,1068522,1065900
1000,1034331,1031700
1000,1000134,997500
1000,960231,957600
1000,960231,957600
1000,920328,917700
1000,880419,877800
1000,851907,849300
1000,851907,849300
1000,829092,826500
1000,811977,809400
1000,794859,792300
1000,794838,792300
1000,794838,792300
1000,794820,792300
1000,800502,798000
1000,817584,815100
1000,840369,837900
1000,868854,866400
1000,868854,866400
1000,908745,906300
1000,948642,946200
1000,977133,974700
1000,977133,974700
1000,1005624,1003200
1000,1028415,1026000
1000,1039803,1037400
1000,1039803,1037400
1000,1056894,1054500
1000,1068282,1065900
1000,1073973,1071600
1000,1073973,1071600
1000,1079661,1077300
1000,1079652,1077300
1000,1079652,1077300
1000,1079640,1077300
1000,1068228,1065900
1000,1051116,1048800
1000,1039707,1037400
1000,1039707,1037400
1000,1016895,1014600
1000,988389,986100
1000,988389,986100
1000,954183,951900
1000,908580,906300
1000,857277,855000
1000,857277,855000
1000,805977,803700
1000,748977,746700
1000,748977,746700
1000,680580,678300
1000,623583,621300
1000,623583,621300
1000,560889,558600
1000,486792,484500
1000,429798,427500
1000,429798,427500
1000,429798,427500
1000,293013,290700
1000,293013,290700
1000,293013,290700
1000,293013,290700
1000,384420,381900
1000,384420,381900
1000,407244,404700
1000,424365,421800
1000,447195,444600
1000,464325,461700
1000,464325,461700
1000,464325,461700
1000,521457,518700
1000,521457,518700
1000,532890,530100
1000,538626,535800
1000,538626,535800
1000,555759,552900
1000,561477,558600
1000,561477,558600
1000,567186,564300
1000,589992,587100
1000,607101,604200
1000,607101,604200
1000,618510,615600
1000,635613,632700
1000,658413,655500
1000,658413,655500
1000,675510,672600
1000,686910,684000
1000,721110,718200
1000,721110,718200
1000,761007,758100
1000,806601,803700
1000,852192,849300
1000,852192,849300
1000,909183,906300
1000,954774,951900
1000,1017465,1014600
1000,1068753,1065900
1000,1068753,1065900
1000,1131438,1128600
1000,1194123,1191300
1000,1251105,1248300
1000,1251105,1248300
1000,1313787,1311000
1000,1376469,1373700
1000,1433454,1430700
1000,1433454,1430700
1000,1507536,1504800
1000,1553118,1550400
1000,1575909,1573200
1000,1581597,1578900
1000,1587297,1584600
1000,1604385,1601700
1000,1615776,1613100
1000,1615776,1613100
1000,1615770,1613100
1000,1615767,1613100
1000,1615755,1613100
1000,1615755,1613100
1000,1610031,1607400
1000,1604307,1601700
1000,1598583,1596000
1000,1598583,1596000
1000,1598583,1596000
1000,1598523,1596000
1000,1581396,1578900
1000,1581363,1578900
1000,1581330,1578900
1000,1581330,1578900
1000,1575597,1573200
1000,1564158,1561800
1000,1558416,1556100
1000,1558416,1556100
1000,1564071,1561800
1000,1564071,1561800
1000,1569738,1567500
1000,1575417,1573200
1000,1598199,1596000
1000,1598199,1596000
1000,1632378,1630200
1000,1660860,1658700
1000,1660860,1658700
1000,1700748,1698600
1000,1729242,1727100
1000,1752033,1749900
1000,1752033,1749900
1000,1791924,1789800
1000,1848918,1846800
1000,1848918,1846800
1000,1900215,1898100
1000,1951512,1949400
1000,1951512,1949400
1000,2014212,2012100
1000,2065512,2063400
1000,2133909,2131800
1000,2133909,2131800
1000,2190909,2188800
1000,2253612,2251500
1000,2253612,2251500
1000,2322015,2319900
1000,2390421,2388300
1000,2453124,2451000
1000,2453124,2451000
1000,2538624,2536500
1000,2601324,2599200
1000,2601324,2599200
1000,2675427,2673300
1000,2675427,2673300
1000,2675427,2673300
1000,2886333,2884200
1000,2960436,2958300
1000,2960436,2958300
1000,3028839,3026700
1000,3102945,3100800
1000,3102945,3100800
1000,3171351,3169200
1000,3251157,3249000
1000,3330960,3328800
1000,3399360,3397200
1000,3399360,3397200
1000,3479169,3477000
1000,3547572,3545400
1000,3547572,3545400
1000,3615975,3613800
1000,3695781,3693600
1000,3764184,3762000
1000,3832593,3830400
1000,3832593,3830400
1000,3906699,3904500
1000,3975111,3972900
1000,3975111,3972900
1000,4060620,4058400
1000,4134723,4132500
1000,4134723,4132500
1000,4134723,4132500
1000,4368453,4366200
1000,4442562,4440300
1000,4442562,4440300
1000,4522374,4520100
1000,4579383,4577100
1000,4619292,4617000
1000,4647798,4645500
1000,4647798,4645500
1000,4676310,4674000
1000,4704822,4702500
1000,4704822,4702500
1000,4710528,4708200
1000,4716228,4713900
1000,4721928,4719600
1000,4733334,4731000
1000,4733334,4731000
1000,4733337,4731000
1000,4733334,4731000
1000,4733334,4731000
1000,4733334,4731000
1000,4727631,4725300
1000,4727631,4725300
1000,4727631,4725300
1000,4727631,4725300
1000,4727631,4725300
1000,4727631,4725300
1000,4727631,4725300
1000,4727631,4725300
1000,4727631,4725300
1000,4727628,4725300
1000,4727628,4725300
1000,4739037,4736700
1000,4756143,4753800
1000,4773258,4770900
1000,4773258,4770900
1000,4784685,4782300
1000,4784685,4782300
1000,4796106,4793700
1000,4796124,4793700
1000,4796124,4793700
1000,4790445,4788000
1000,4790445,4788000
1000,4790445,4788000
1000,4642338,4639800
1000,4642338,4639800
1000,4551156,4548600
1000,4499859,4497300
1000,4499859,4497300
1000,4385871,4383300
1000,4385871,4383300
1000,4385871,4383300
1000,4271889,4269300
1000,4271889,4269300
1000,4203495,4200900
1000,4146501,4143900
1000,4089510,4086900
1000,4089510,4086900
1000,4026819,4024200
1000,4026819,4024200
1000,3895734,3893100
1000,3895734,3893100
1000,3827340,3824700
1000,3753243,3750600
1000,3753243,3750600
1000,3690543,3687900
1000,3690543,3687900
1000,3548055,3545400
1000,3473961,3471300
1000,3473961,3471300
1000,3411264,3408600
1000,3342870,3340200
1000,3274476,3271800
1000,3274476,3271800
1000,3206082,3203400
1000,3131985,3129300
1000,3057891,3055200
1000,3057891,3055200
1000,2989488,2986800
1000,2915388,2912700
1000,2841288,2838600
1000,2841288,2838600
1000,2767191,2764500
1000,2693091,2690400
1000,2618994,2616300
1000,2618994,2616300
1000,2550597,2547900
1000,2482197,2479500
1000,2482197,2479500
1000,2408100,2405400
1000,2334006,2331300
1000,2254209,2251500
1000,2202903,2200200
1000,2202903,2200200
1000,2168706,2166000
1000,2151612,2148900
1000,2128818,2126100
1000,2128818,2126100
1000,2117424,2114700
1000,2106030,2103300
1000,2100333,2097600
1000,2100336,2097600
1000,2100336,2097600
1000,2094639,2091900
1000,2094639,2091900
1000,2094639,2091900
1000,2100336,2097600
1000,2100336,2097600
1000,2100336,2097600
1000,2106033,2103300
1000,2106030,2103300
1000,2106030,2103300
1000,2111724,2109000
1000,2111721,2109000
1000,2106027,2103300
1000,2100330,2097600
1000,2100330,2097600
1000,2094639,2091900
1000,2094645,2091900
1000,2094645,2091900
1000,2094654,2091900
1000,2100363,2097600
1000,2100372,2097600
1000,2100372,2097600
1000,2106081,2103300
1000,2117493,2114700
1000,2128902,2126100
1000,2146011,2143200
1000,2146011,2143200
1000,2163117,2160300
1000,2185920,2183100
1000,2214417,2211600
1000,2214417,2211600
1000,2242911,2240100
1000,2282805,2280000
1000,2282805,2280000
1000,2322696,2319900
1000,2373987,2371200
1000,2425275,2422500
1000,2425275,2422500
1000,2476572,2473800
1000,2533572,2530800
1000,2533572,2530800
1000,2590575,2587800
1000,2641884,2639100
1000,2681802,2679000
1000,2681802,2679000
1000,2710320,2707500
1000,2738838,2736000
1000,2755959,2753100
1000,2761677,2758800
1000,2761677,2758800
1000,2761695,2758800
1000,2761710,2758800
1000,2761710,2758800
1000,2750355,2747400
1000,2750355,2747400
1000,2744679,2741700
1000,2727606,2724600
1000,2727606,2724600
1000,2716230,2713200
1000,2704857,2701800
1000,2704857,2701800
1000,2699184,2696100
1000,2704908,2701800
1000,2704908,2701800
1000,2716323,2713200
1000,2727729,2724600
1000,2744838,2741700
1000,2744838,2741700
1000,2761944,2758800
1000,2773350,2770200
1000,2790450,2787300
1000,2790450,2787300
1000,2813250,2810100
1000,2830350,2827200
1000,2830350,2827200
1000,2847453,2844300
1000,2864550,2861400
1000,2864550,2861400
1000,2881644,2878500
1000,2898738,2895600
1000,2910129,2907000
1000,2921517,2918400
1000,2921517,2918400
1000,2927208,2924100
1000,2932899,2929800
1000,2938581,2935500
1000,2944254,2941200
1000,2944254,2941200
1000,2944224,2941200
1000,2949897,2946900
1000,2955567,2952600
1000,2955534,2952600
1000,2955534,2952600
1000,2955501,2952600
1000,2961168,2958300
1000,2961168,2958300
1000,2955432,2952600
1000,2949696,2946900
1000,2949696,2946900
1000,2943960,2941200
1000,2943927,2941200
1000,2943891,2941200
1000,2949549,2946900
1000,2949549,2946900
1000,2966607,2964000
1000,2995074,2992500
1000,2995074,2992500
1000,3017856,3015300
1000,3034944,3032400
1000,3052035,3049500
1000,3080529,3078000
1000,3080529,3078000
1000,3109023,3106500
1000,3137517,3135000
1000,3137517,3135000
1000,3166014,3163500
1000,3194514,3192000
1000,3194514,3192000
1000,3234417,3231900
1000,3280023,3277500
1000,3280023,3277500
1000,3325629,3323100
1000,3376938,3374400
1000,3376938,3374400
1000,3428250,3425700
1000,3479562,3477000
1000,3479562,3477000
1000,3542274,3539700
1000,3593589,3591000
1000,3650598,3648000
1000,3684804,3682200
1000,3713310,3710700
1000,3781719,3779100
1000,3838722,3836100
1000,3838722,3836100
1000,3878625,3876000
1000,3901425,3898800
1000,3901425,3898800
1000,3924216,3921600
1000,3941313,3938700
1000,3958407,3955800
1000,3964101,3961500
1000,3964101,3961500
1000,3975495,3972900
1000,3981189,3978600
1000,3981189,3978600
1000,3981180,3978600
1000,3986871,3984300
1000,3981162,3978600
1000,3981162,3978600
1000,3975453,3972900
1000,3969744,3967200
1000,3964038,3961500
1000,3964038,3961500
1000,3946926,3944400
1000,3924108,3921600
1000,3924108,3921600
1000,3895590,3893100
1000,3855672,3853200
1000,3815754,3813300
1000,3764433,3762000
1000,3764433,3762000
1000,3713118,3710700
1000,3661800,3659400
1000,3610479,3608100
1000,3559164,3556800
1000,3559164,3556800
1000,3507843,3505500
1000,3456522,3454200
1000,3405204,3402900
1000,3405204,3402900
1000,3348183,3345900
1000,3302559,3300300
1000,3302559,3300300
1000,3245535,3243300
1000,3194211,3192000
1000,3131487,3129300
1000,3131487,3129300
1000,3074463,3072300
1000,3017439,3015300
1000,3017439,3015300
1000,2966118,2964000
1000,2909094,2907000
1000,2852067,2850000
1000,2795037,2793000
1000,2795037,2793000
1000,2726604,2724600
1000,2698071,2696100
1000,2698071,2696100
1000,2669556,2667600
1000,2658138,2656200
1000,2658138,2656200
1000,2658120,2656200
1000,2663799,2661900
1000,2663799,2661900
1000,2675178,2673300
1000,2692257,2690400
1000,2720742,2718900
1000,2754927,2753100
1000,2754927,2753100
1000,2789118,2787300
1000,2811909,2810100
1000,2857503,2855700
1000,2903097,2901300
1000,2903097,2901300
1000,2954394,2952600
1000,3011394,3009600
1000,3011394,3009600
1000,3011394,3009600
1000,3142488,3140700
1000,3142488,3140700
1000,3199488,3197700
1000,3262185,3260400
1000,3262185,3260400
1000,3336282,3334500
1000,3398982,3397200
1000,3461679,3459900
1000,3530076,3528300
1000,3530076,3528300
1000,3592776,3591000
1000,3661176,3659400
1000,3661176,3659400
1000,3729576,3727800
1000,3797979,3796200
1000,3797979,3796200
1000,3946179,3944400
1000,3946179,3944400
1000,4020279,4018500
1000,4094379,4092600
1000,4094379,4092600
1000,4168476,4166700
1000,4248276,4246500
1000,4248276,4246500
1000,4333776,4332000
1000,4419282,4417500
1000,4493394,4491600
1000,4533297,4531500
1000,4533297,4531500
1000,4561803,4560000
1000,4590321,4588500
1000,4590321,4588500
1000,4613139,4611300
1000,4635960,4634100
1000,4635960,4634100
1000,4647381,4645500
1000,4647405,4645500
1000,4641729,4639800
1000,4641729,4639800
1000,4630350,4628400
1000,4618968,4617000
1000,4607583,4605600
1000,4607583,4605600
1000,4607583,4605600
1000,4607583,4605600
1000,4265793,4263600
1000,4265793,4263600
1000,4265793,4263600
1000,3998052,3995700
1000,3969564,3967200
1000,3969564,3967200
1000,3889803,3887400
1000,3838530,3836100
1000,3838530,3836100
1000,3792957,3790500
1000,3792957,3790500
1000,3758787,3756300
1000,3735993,3733500
1000,3736002,3733500
1000,3736002,3733500
1000,3741714,3739200
1000,3747429,3744900
1000,3753138,3750600
1000,3753138,3750600
1000,3758847,3756300
1000,3770253,3767700
1000,3770253,3767700
1000,3787362,3784800
1000,3798768,3796200
1000,3815871,3813300
1000,3815871,3813300
1000,3815871,3813300
1000,3855774,3853200
1000,3878571,3876000
1000,3895665,3893100
1000,3895665,3893100
1000,3918456,3915900
1000,3929847,3927300
1000,3929847,3927300
1000,3941238,3938700
1000,3946929,3944400
1000,3958323,3955800
1000,3969714,3967200
1000,3969714,3967200
1000,3986790,3984300
1000,4003866,4001400
1000,4015239,4012800
1000,4032312,4029900
1000,4032312,4029900
1000,4043682,4041300
1000,4055052,4052700
1000,4066419,4064100
1000,4066419,4064100
1000,4072086,4069800
1000,4089153,4086900
1000,4106220,4104000
1000,4106220,4104000
1000,4123290,4121100
1000,4146054,4143900
1000,4168818,4166700
1000,4191585,4189500
1000,4191585,4189500
1000,4214346,4212300
1000,4237110,4235100
1000,4259877,4257900
1000,4276938,4275000
1000,4276938,4275000
1000,4293999,4292100
1000,4316760,4314900
1000,4333827,4332000
1000,4333806,4332000
1000,4333806,4332000
1000,4316691,4314900
1000,4310976,4309200
1000,4310976,4309200
1000,4305264,4303500
1000,4299552,4297800
1000,4282449,4280700
1000,4265343,4263600
1000,4253937,4252200
1000,4253937,4252200
1000,4236834,4235100
1000,4225434,4223700
1000,4191228,4189500
1000,4151325,4149600
1000,4111422,4109700
1000,4111422,4109700
1000,4060119,4058400
1000,4008816,4007100
1000,3951813,3950100
1000,3951813,3950100
1000,3894813,3893100
1000,3832113,3830400
1000,3758013,3756300
1000,3758013,3756300
1000,3683904,3682200
1000,3632595,3630900
1000,3632595,3630900
1000,3598386,3596700
1000,3569874,3568200
1000,3547059,3545400
1000,3518544,3516900
1000,3518544,3516900
1000,3507132,3505500
1000,3484308,3482700
1000,3484308,3482700
1000,3467184,3465600
1000,3455754,3454200
1000,3455754,3454200
1000,3444327,3442800
1000,3432897,3431400
1000,3432870,3431400
1000,3432870,3431400
1000,3421437,3420000
1000,3415701,3414300
1000,3415662,3414300
1000,3415662,3414300
1000,3421329,3420000
1000,3421293,3420000
1000,3421278,3420000
1000,3421278,3420000
1000,3409869,3408600
1000,3398460,3397200
1000,3398460,3397200
1000,3387048,3385800
1000,3375642,3374400
1000,3358536,3357300
1000,3358536,3357300
1000,3324318,3323100
1000,3290106,3288900
1000,3290106,3288900
1000,3250191,3249000
1000,3204576,3203400
1000,3204576,3203400
1000,3158961,3157800
1000,3113343,3112200
1000,3062025,3060900
1000,3062025,3060900
1000,3010704,3009600
1000,2959386,2958300
1000,2959386,2958300
1000,2896665,2895600
1000,2896665,2895600
1000,2833947,2832900
1000,2776932,2775900
1000,2714211,2713200
1000,2657193,2656200
1000,2600172,2599200
1000,2600172,2599200
1000,2537451,2536500
1000,2480430,2479500
1000,2417706,2416800
1000,2417706,2416800
1000,2354988,2354100
1000,2309376,2308500
1000,2309376,2308500
1000,2297964,2297100
1000,2286564,2285700
1000,2275170,2274300
1000,2258073,2257200
1000,2258073,2257200
1000,2240973,2240100
1000,2223879,2223000
1000,2212485,2211600
1000,2212485,2211600
1000,2201091,2200200
1000,2195397,2194500
1000,2184012,2183100
1000,2172630,2171700
1000,2172630,2171700
1000,2166954,2166000
1000,2166981,2166000
1000,2172711,2171700
1000,2172711,2171700
1000,2184141,2183100
1000,2184141,2183100
1000,2184141,2183100
1000,2195607,2194500
1000,2201340,2200200
1000,2201340,2200200
1000,2201340,2200200
1000,2218581,2217300
1000,2218581,2217300
1000,2218581,2217300
1000,2218581,2217300
1000,2178801,2177400
1000,2178801,2177400
1000,2178801,2177400
1000,1603233,1601700
1000,1603233,1601700
1000,1603233,1601700
1000,1477836,1476300
1000,1420836,1419300
1000,1420836,1419300
1000,1363845,1362300
1000,1301148,1299600
1000,1244154,1242600
1000,1221357,1219800
1000,1221357,1219800
1000,1204263,1202700
1000,1198572,1197000
1000,1192884,1191300
1000,1192884,1191300
1000,1192896,1191300
1000,1192905,1191300
1000,1192914,1191300
1000,1204326,1202700
1000,1204326,1202700
1000,1210035,1208400
1000,1227141,1225500
1000,1232841,1231200
1000,1244247,1242600
1000,1255653,1254000
1000,1272759,1271100
1000,1289859,1288200
1000,1312662,1311000
1000,1329759,1328100
1000,1346859,1345200
1000,1346859,1345200
1000,1358253,1356600
1000,1392444,1390800
1000,1432332,1430700
1000,1432332,1430700
1000,1466517,1464900
1000,1506399,1504800
1000,1546281,1544700
1000,1591863,1590300
1000,1591863,1590300
1000,1637442,1635900
1000,1683021,1681500
1000,1734297,1732800
1000,1734297,1732800
1000,1779867,1778400
1000,1825443,1824000
1000,1876719,1875300
1000,1927995,1926600
1000,1927995,1926600
1000,1984974,1983600
1000,2041956,2040600
1000,2104641,2103300
1000,2167329,2166000
1000,2167329,2166000
1000,2241420,2240100
1000,2304117,2302800
1000,2372520,2371200
1000,2435223,2433900
1000,2435223,2433900
1000,2492235,2490900
1000,2554947,2553600
1000,2606259,2604900
1000,2657574,2656200
1000,2657574,2656200
1000,2708892,2707500
1000,2760210,2758800
1000,2805831,2804400
1000,2805831,2804400
1000,2851455,2850000
1000,2891382,2889900
1000,2925609,2924100
1000,2925609,2924100
1000,2965536,2964000
1000,2988366,2986800
1000,2988366,2986800
1000,2999796,2998200
1000,3016929,3015300
1000,3016929,3015300
1000,3022662,3021000
1000,3016992,3015300
1000,3011325,3009600
1000,2999952,2998200
1000,2999952,2998200
1000,2977182,2975400
1000,2977182,2975400
1000,2954409,2952600
1000,2920236,2918400
1000,2886063,2884200
1000,2886063,2884200
1000,2851881,2850000
1000,2817690,2815800
1000,2817690,2815800
1000,2800608,2798700
1000,2760726,2758800
1000,2715147,2713200
1000,2715147,2713200
1000,2669565,2667600
1000,2669565,2667600
1000,2669565,2667600
1000,2669565,2667600
1000,2396094,2394000
1000,2396094,2394000
1000,2373312,2371200
1000,2373312,2371200
1000,2361930,2359800
1000,2361939,2359800
1000,2361948,2359800
1000,2356269,2354100
1000,2356269,2354100
1000,2361996,2359800
1000,2367726,2365500
1000,2379150,2376900
1000,2379150,2376900
1000,2390580,2388300
1000,2390610,2388300
1000,2402043,2399700
1000,2413473,2411100
1000,2413473,2411100
1000,2419209,2416800
1000,2419239,2416800
1000,2430678,2428200
1000,2430678,2428200
1000,2430714,2428200
1000,2442153,2439600
1000,2453589,2451000
1000,2465028,2462400
1000,2465028,2462400
1000,2465064,2462400
1000,2470800,2468100
1000,2470800,2468100
1000,2476536,2473800
1000,2482272,2479500
1000,2482272,2479500
1000,2482311,2479500
1000,2482350,2479500
1000,2476686,2473800
1000,2476686,2473800
1000,2471028,2468100
1000,2471070,2468100
1000,2471070,2468100
1000,2476806,2473800
1000,2476848,2473800
1000,2476848,2473800
1000,2471187,2468100
1000,2471223,2468100
1000,2471262,2468100
1000,2465601,2462400
1000,2465637,2462400
1000,2465637,2462400
1000,2454276,2451000
1000,2442915,2439600
1000,2442915,2439600
1000,2431554,2428200
1000,2425896,2422500
1000,2425896,2422500
1000,2420238,2416800
1000,2408877,2405400
1000,2403216,2399700
1000,2403216,2399700
1000,2397555,2394000
1000,2386194,2382600
1000,2386194,2382600
1000,2380530,2376900
1000,2369169,2365500
1000,2352105,2348400
1000,2352105,2348400
1000,2329344,2325600
1000,2317989,2314200
1000,2317989,2314200
1000,2306625,2302800
1000,2289564,2285700
1000,2266809,2262900
1000,2266809,2262900
1000,2255445,2251500
1000,2238384,2234400
1000,2221323,2217300
1000,2221323,2217300
1000,2204256,2200200
1000,2181495,2177400
1000,2181495,2177400
1000,2153034,2148900
1000,2153034,2148900
1000,2153034,2148900
1000,2039190,2034900
1000,2039190,2034900
1000,2033505,2029200
1000,1999314,1995000
1000,1970820,1966500
1000,1970820,1966500
1000,1948032,1943700
1000,1948032,1943700
1000,1908141,1903800
1000,1896741,1892400
1000,1913835,1909500
1000,1930932,1926600
1000,1953729,1949400
1000,1953729,1949400
1000,1976520,1972200
1000,1999311,1995000
1000,2022099,2017800
1000,2022099,2017800
1000,2044887,2040600
1000,2067669,2063400
1000,2067669,2063400
1000,2067669,2063400
1000,2090433,2086200
1000,2090433,2086200
1000,2096112,2091900
1000,2090394,2086200
1000,2084673,2080500
1000,2084673,2080500
1000,2073249,2069100
1000,2056131,2052000
1000,2056131,2052000
1000,2027613,2023500
1000,1993398,1989300
1000,1959183,1955100
1000,1959183,1955100
1000,1924974,1920900
1000,1873665,1869600
1000,1828059,1824000
1000,1828059,1824000
1000,1788156,1784100
1000,1748250,1744200
1000,1748250,1744200
1000,1702644,1698600
1000,1674138,1670100
1000,1645629,1641600
1000,1645629,1641600
1000,1622820,1618800
1000,1605708,1601700
1000,1599993,1596000
1000,1599993,1596000
1000,1594278,1590300
1000,1599969,1596000
1000,1599969,1596000
1000,1611360,1607400
1000,1628448,1624500
1000,1645539,1641600
1000,1628436,1624500
1000,1628436,1624500
1000,1611345,1607400
1000,1599957,1596000
1000,1599957,1596000
1000,1582869,1578900
1000,1554384,1550400
1000,1554384,1550400
1000,1554384,1550400
1000,1491717,1487700
1000,1451838,1447800
1000,1411956,1407900
1000,1372074,1368000
1000,1372074,1368000
1000,1320795,1316700
1000,1275213,1271100
1000,1275213,1271100
1000,1229631,1225500
1000,1172652,1168500
1000,1172652,1168500
1000,1172652,1168500
1000,921903,917700
1000,916209,912000
1000,910512,906300
1000,899109,894900
1000,899109,894900
1000,887709,883500
1000,887709,883500
1000,887709,883500
1000,825003,820800
1000,825003,820800
1000,825003,820800
1000,1091958,1088700
1000,1126119,1122900
1000,1126119,1122900
1000,1160286,1157100
1000,1160286,1157100
1000,1160286,1157100
1000,1268478,1265400
1000,1268478,1265400
1000,1308342,1305300
1000,1365294,1362300
1000,1405161,1402200
1000,1405161,1402200
1000,1433643,1430700
1000,1462125,1459200
1000,1462125,1459200
1000,1507719,1504800
1000,1547610,1544700
1000,1598907,1596000
1000,1598907,1596000
1000,1638810,1635900
1000,1638810,1635900
1000,1701516,1698600
1000,1701516,1698600
1000,1747122,1744200
1000,1792731,1789800
1000,1792731,1789800
1000,1838343,1835400
1000,1883958,1881000
1000,1883958,1881000
1000,1935273,1932300
1000,1986588,1983600
1000,1986588,1983600
1000,2037906,2034900
1000,2089230,2086200
1000,2140551,2137500
1000,2140551,2137500
1000,2191872,2188800
1000,2248893,2245800
1000,2305914,2302800
1000,2305914,2302800
1000,2362932,2359800
1000,2419953,2416800
1000,2476971,2473800
1000,2476971,2473800
1000,2533992,2530800
1000,2533992,2530800
1000,2591016,2587800
1000,2653737,2650500
1000,2705061,2701800
1000,2756388,2753100
1000,2756388,2753100
1000,2813409,2810100
1000,2876133,2872800
1000,2933148,2929800
1000,2961657,2958300
1000,2961657,2958300
1000,2973060,2969700
1000,2990157,2986800
1000,2990157,2986800
1000,3012951,3009600
1000,3030048,3026700
1000,3047142,3043800
1000,3047142,3043800
1000,3058536,3055200
1000,3075630,3072300
1000,3075630,3072300
1000,3087027,3083700
1000,3109809,3106500
1000,3138288,3135000
1000,3138288,3135000
1000,3155367,3152100
1000,3178143,3174900
1000,3178143,3174900
1000,3200916,3197700
1000,3223689,3220500
1000,3223689,3220500
1000,3246459,3243300
1000,3269226,3266100
1000,3269226,3266100
1000,3291999,3288900
1000,3326166,3323100
1000,3360336,3357300
1000,3394509,3391500
1000,3394509,3391500
1000,3434376,3431400
1000,3468546,3465600
1000,3468546,3465600
1000,3502716,3499800
1000,3542580,3539700
1000,3542580,3539700
1000,3576750,3573900
1000,3610917,3608100
1000,3645084,3642300
1000,3645084,3642300
1000,3673548,3670800
1000,3673548,3670800
1000,3764673,3762000
1000,3764673,3762000
1000,3804546,3801900
1000,3827331,3824700
1000,3827331,3824700
1000,3838716,3836100
1000,3850101,3847500
1000,3850101,3847500
1000,3867186,3864600
1000,3878574,3876000
1000,3889965,3887400
1000,3895653,3893100
1000,3895653,3893100
1000,3901347,3898800
1000,3901341,3898800
1000,3901341,3898800
1000,3907041,3904500
1000,3907041,3904500
1000,3907041,3904500
1000,3901341,3898800
1000,3901344,3898800
1000,3901344,3898800
1000,3901344,3898800
1000,3901344,3898800
1000,3901344,3898800
1000,3901344,3898800
1000,3901344,3898800
1000,3901344,3898800
1000,3901344,3898800
1000,3901344,3898800
1000,3901344,3898800
1000,3901344,3898800
1000,3901344,3898800
1000,3901344,3898800
1000,3901344,3898800
1000,3901344,3898800
1000,3901344,3898800
1000,3901344,3898800
1000,3901344,3898800
1000,3901344,3898800
1000,3901344,3898800
1000,3901344,3898800
1000,3901344,3898800
1000,3901344,3898800
1000,3901344,3898800
1000,3901344,3898800
1000,3901344,3898800
1000,3901344,3898800
1000,3901344,3898800
1000,3901344,3898800
1000,3901344,3898800
1000,3901344,3898800
